   0.0000000e+00   3.0675004e-01   5.3760877e-01   1.9677099e-01   8.7533165e-02   4.3851062e-01   1.0000000e+00   0.0000000e+00   0.0000000e+00   7.2514195e-01   1.0000000e+00   5.2209272e-01   3.3885955e-01   5.3008166e-01   7.9270709e-01   8.5869840e-01   8.2411012e-01   0.0000000e+00   7.6818183e-01   9.7561479e-01   1.0000000e+00   4.8764715e-01   1.8243611e-01   7.7911996e-01   5.5199311e-01   1.0000000e+00   3.3973686e-01   6.1917443e-01   1.0000000e+00   3.7936282e-02   0.0000000e+00   1.0000000e+00   1.0000000e+00
   1.0000000e+00   0.0000000e+00   0.0000000e+00   0.0000000e+00   0.0000000e+00   0.0000000e+00   0.0000000e+00   0.0000000e+00   0.0000000e+00   0.0000000e+00   0.0000000e+00   0.0000000e+00   0.0000000e+00   0.0000000e+00   0.0000000e+00   0.0000000e+00   0.0000000e+00   0.0000000e+00   0.0000000e+00   0.0000000e+00   0.0000000e+00   0.0000000e+00   0.0000000e+00   0.0000000e+00   0.0000000e+00   0.0000000e+00   0.0000000e+00   0.0000000e+00   0.0000000e+00   0.0000000e+00   1.0000000e+00   0.0000000e+00   1.0000000e+00
   1.0000000e+00   0.0000000e+00   0.0000000e+00   0.0000000e+00   0.0000000e+00   0.0000000e+00   0.0000000e+00   0.0000000e+00   0.0000000e+00   0.0000000e+00   0.0000000e+00   0.0000000e+00   0.0000000e+00   0.0000000e+00   0.0000000e+00   0.0000000e+00   0.0000000e+00   0.0000000e+00   0.0000000e+00   0.0000000e+00   0.0000000e+00   0.0000000e+00   0.0000000e+00   0.0000000e+00   0.0000000e+00   0.0000000e+00   0.0000000e+00   0.0000000e+00   0.0000000e+00   0.0000000e+00   1.0000000e+00   0.0000000e+00   1.0000000e+00
   0.0000000e+00   0.0000000e+00   0.0000000e+00   0.0000000e+00   0.0000000e+00   2.4090308e-01   0.0000000e+00   1.8151802e-01   0.0000000e+00   0.0000000e+00   0.0000000e+00   0.0000000e+00   0.0000000e+00   0.0000000e+00   0.0000000e+00   0.0000000e+00   0.0000000e+00   3.6930924e-02   0.0000000e+00   0.0000000e+00   0.0000000e+00   0.0000000e+00   0.0000000e+00   0.0000000e+00   0.0000000e+00   0.0000000e+00   0.0000000e+00   0.0000000e+00   0.0000000e+00   0.0000000e+00   0.0000000e+00   1.0000000e+00   1.0000000e+00
   8.8513022e-01   0.0000000e+00   0.0000000e+00   0.0000000e+00   0.0000000e+00   0.0000000e+00   5.1700833e-06   0.0000000e+00   0.0000000e+00   0.0000000e+00   8.7791677e-03   0.0000000e+00   0.0000000e+00   0.0000000e+00   0.0000000e+00   0.0000000e+00   0.0000000e+00   0.0000000e+00   0.0000000e+00   0.0000000e+00   0.0000000e+00   0.0000000e+00   6.5222600e-08   0.0000000e+00   0.0000000e+00   0.0000000e+00   1.5064798e-02   0.0000000e+00   0.0000000e+00   0.0000000e+00   8.8513022e-01   6.2648900e-02   1.0000000e+00
   8.4123049e-01   0.0000000e+00   0.0000000e+00   0.0000000e+00   0.0000000e+00   0.0000000e+00   0.0000000e+00   0.0000000e+00   0.0000000e+00   0.0000000e+00   1.5453147e-02   0.0000000e+00   0.0000000e+00   0.0000000e+00   0.0000000e+00   0.0000000e+00   0.0000000e+00   0.0000000e+00   0.0000000e+00   0.0000000e+00   0.0000000e+00   0.0000000e+00   0.0000000e+00   0.0000000e+00   0.0000000e+00   0.0000000e+00   2.6517153e-02   0.0000000e+00   0.0000000e+00   0.0000000e+00   8.4123049e-01   8.8729389e-02   1.0000000e+00
   2.4120732e-01   1.8388036e-04   0.0000000e+00   1.4853433e-01   3.1196891e-04   0.0000000e+00   0.0000000e+00   1.7006629e-02   2.8078821e-02   0.0000000e+00   0.0000000e+00   2.0368190e-02   2.0841671e-02   0.0000000e+00   3.9043626e-03   0.0000000e+00   8.0474614e-05   0.0000000e+00   3.4494133e-02   6.1673616e-04   0.0000000e+00   2.9408125e-02   0.0000000e+00   1.1216084e-01   0.0000000e+00   1.1411862e-02   0.0000000e+00   7.5851838e-05   7.1205034e-04   0.0000000e+00   2.4120732e-01   5.3857403e-01   1.0000000e+00
   6.4768598e-01   0.0000000e+00   0.0000000e+00   0.0000000e+00   0.0000000e+00   0.0000000e+00   0.0000000e+00   0.0000000e+00   7.8893144e-03   0.0000000e+00   0.0000000e+00   0.0000000e+00   0.0000000e+00   0.0000000e+00   0.0000000e+00   0.0000000e+00   0.0000000e+00   0.0000000e+00   3.4752011e-03   0.0000000e+00   0.0000000e+00   0.0000000e+00   0.0000000e+00   0.0000000e+00   0.0000000e+00   0.0000000e+00   0.0000000e+00   0.0000000e+00   0.0000000e+00   0.0000000e+00   6.4768598e-01   1.9662607e-01   1.0000000e+00
   6.7766714e-01   0.0000000e+00   0.0000000e+00   2.6483440e-03   0.0000000e+00   0.0000000e+00   7.0390128e-06   0.0000000e+00   0.0000000e+00   0.0000000e+00   1.2733457e-04   0.0000000e+00   2.0977081e-05   0.0000000e+00   0.0000000e+00   0.0000000e+00   3.5408279e-06   0.0000000e+00   0.0000000e+00   0.0000000e+00   0.0000000e+00   0.0000000e+00   8.8799868e-08   0.0000000e+00   0.0000000e+00   0.0000000e+00   2.1850243e-04   0.0000000e+00   0.0000000e+00   0.0000000e+00   6.7766714e-01   1.7718084e-01   1.0000000e+00
   9.5358444e-01   0.0000000e+00   0.0000000e+00   4.0903299e-07   0.0000000e+00   1.8476427e-02   1.5840014e-04   0.0000000e+00   2.2453734e-06   2.2425248e-03   7.5010995e-07   5.3927143e-04   0.0000000e+00   0.0000000e+00   0.0000000e+00   1.4933024e-06   0.0000000e+00   0.0000000e+00   0.0000000e+00   0.0000000e+00   0.0000000e+00   0.0000000e+00   0.0000000e+00   0.0000000e+00   2.9276602e-03   0.0000000e+00   0.0000000e+00   0.0000000e+00   0.0000000e+00   0.0000000e+00   9.5358444e-01   2.7152329e-02   1.0000000e+00
   2.5425851e-01   0.0000000e+00   0.0000000e+00   8.1064879e-05   0.0000000e+00   0.0000000e+00   3.1392794e-02   0.0000000e+00   4.4500305e-04   0.0000000e+00   1.4866178e-04   1.0687640e-01   0.0000000e+00   0.0000000e+00   0.0000000e+00   2.9595260e-04   0.0000000e+00   0.0000000e+00   0.0000000e+00   0.0000000e+00   0.0000000e+00   0.0000000e+00   0.0000000e+00   0.0000000e+00   0.0000000e+00   0.0000000e+00   0.0000000e+00   0.0000000e+00   0.0000000e+00   0.0000000e+00   2.5425851e-01   5.0631335e-01   1.0000000e+00
   1.2236688e-01   8.3350481e-04   0.0000000e+00   2.6483440e-03   1.0074313e-02   0.0000000e+00   3.8420310e-02   2.5142844e-02   2.9503663e-02   0.0000000e+00   0.0000000e+00   0.0000000e+00   2.0049346e-02   0.0000000e+00   9.3106360e-03   1.0555461e-02   4.7805412e-03   0.0000000e+00   3.0460067e-02   3.1855091e-03   0.0000000e+00   3.3292144e-02   0.0000000e+00   0.0000000e+00   0.0000000e+00   1.1932607e-02   0.0000000e+00   8.3614317e-04   5.6919242e-03   0.0000000e+00   1.2236688e-01   6.6237219e-01   1.0000000e+00
   4.4142915e-01   0.0000000e+00   0.0000000e+00   2.9917877e-03   0.0000000e+00   0.0000000e+00   0.0000000e+00   0.0000000e+00   0.0000000e+00   0.0000000e+00   0.0000000e+00   0.0000000e+00   1.7013563e-02   0.0000000e+00   0.0000000e+00   0.0000000e+00   0.0000000e+00   0.0000000e+00   0.0000000e+00   0.0000000e+00   0.0000000e+00   0.0000000e+00   0.0000000e+00   0.0000000e+00   0.0000000e+00   0.0000000e+00   0.0000000e+00   0.0000000e+00   0.0000000e+00   0.0000000e+00   4.4142915e-01   3.3765159e-01   1.0000000e+00
   6.9759135e-01   0.0000000e+00   0.0000000e+00   0.0000000e+00   0.0000000e+00   1.8356923e-02   0.0000000e+00   0.0000000e+00   0.0000000e+00   2.2280204e-03   0.0000000e+00   0.0000000e+00   0.0000000e+00   0.0000000e+00   0.0000000e+00   0.0000000e+00   0.0000000e+00   0.0000000e+00   0.0000000e+00   0.0000000e+00   0.0000000e+00   0.0000000e+00   0.0000000e+00   0.0000000e+00   2.9087244e-03   0.0000000e+00   0.0000000e+00   0.0000000e+00   0.0000000e+00   0.0000000e+00   6.9759135e-01   1.6780896e-01   1.0000000e+00
   1.7976722e-01   0.0000000e+00   0.0000000e+00   0.0000000e+00   0.0000000e+00   1.8190454e-02   0.0000000e+00   0.0000000e+00   7.5580863e-03   2.2020647e-03   0.0000000e+00   0.0000000e+00   0.0000000e+00   0.0000000e+00   0.0000000e+00   0.0000000e+00   0.0000000e+00   0.0000000e+00   0.0000000e+00   0.0000000e+00   0.0000000e+00   0.0000000e+00   0.0000000e+00   0.0000000e+00   2.8748387e-03   0.0000000e+00   0.0000000e+00   0.0000000e+00   0.0000000e+00   0.0000000e+00   1.7976722e-01   5.7802397e-01   1.0000000e+00
   2.6394882e-01   0.0000000e+00   0.0000000e+00   2.6483440e-03   0.0000000e+00   0.0000000e+00   0.0000000e+00   0.0000000e+00   0.0000000e+00   0.0000000e+00   0.0000000e+00   0.0000000e+00   0.0000000e+00   0.0000000e+00   0.0000000e+00   0.0000000e+00   0.0000000e+00   0.0000000e+00   0.0000000e+00   0.0000000e+00   0.0000000e+00   0.0000000e+00   0.0000000e+00   0.0000000e+00   0.0000000e+00   0.0000000e+00   0.0000000e+00   0.0000000e+00   0.0000000e+00   0.0000000e+00   2.6394882e-01   4.8645150e-01   1.0000000e+00
   3.6259766e-01   0.0000000e+00   0.0000000e+00   0.0000000e+00   0.0000000e+00   0.0000000e+00   5.8375997e-02   0.0000000e+00   0.0000000e+00   0.0000000e+00   0.0000000e+00   0.0000000e+00   0.0000000e+00   0.0000000e+00   0.0000000e+00   2.5481303e-02   0.0000000e+00   0.0000000e+00   0.0000000e+00   0.0000000e+00   0.0000000e+00   0.0000000e+00   0.0000000e+00   0.0000000e+00   0.0000000e+00   0.0000000e+00   0.0000000e+00   0.0000000e+00   0.0000000e+00   0.0000000e+00   3.6259766e-01   4.0552500e-01   1.0000000e+00
   5.1160922e-01   0.0000000e+00   0.0000000e+00   0.0000000e+00   0.0000000e+00   0.0000000e+00   0.0000000e+00   0.0000000e+00   0.0000000e+00   0.0000000e+00   0.0000000e+00   0.0000000e+00   0.0000000e+00   0.0000000e+00   0.0000000e+00   0.0000000e+00   0.0000000e+00   0.0000000e+00   0.0000000e+00   0.0000000e+00   0.0000000e+00   0.0000000e+00   0.0000000e+00   0.0000000e+00   0.0000000e+00   0.0000000e+00   0.0000000e+00   0.0000000e+00   0.0000000e+00   0.0000000e+00   5.1160922e-01   2.8473136e-01   1.0000000e+00
   6.3552081e-01   0.0000000e+00   0.0000000e+00   0.0000000e+00   0.0000000e+00   0.0000000e+00   0.0000000e+00   0.0000000e+00   7.5580863e-03   0.0000000e+00   0.0000000e+00   0.0000000e+00   9.7125445e-02   0.0000000e+00   0.0000000e+00   0.0000000e+00   0.0000000e+00   0.0000000e+00   0.0000000e+00   0.0000000e+00   0.0000000e+00   0.0000000e+00   0.0000000e+00   0.0000000e+00   0.0000000e+00   0.0000000e+00   0.0000000e+00   0.0000000e+00   0.0000000e+00   0.0000000e+00   6.3552081e-01   2.1544683e-01   1.0000000e+00
   4.7690865e-02   0.0000000e+00   0.0000000e+00   0.0000000e+00   0.0000000e+00   0.0000000e+00   1.1241378e-01   0.0000000e+00   0.0000000e+00   0.0000000e+00   0.0000000e+00   0.0000000e+00   0.0000000e+00   0.0000000e+00   0.0000000e+00   5.7188286e-02   0.0000000e+00   0.0000000e+00   0.0000000e+00   0.0000000e+00   0.0000000e+00   0.0000000e+00   0.0000000e+00   0.0000000e+00   0.0000000e+00   0.0000000e+00   0.0000000e+00   0.0000000e+00   0.0000000e+00   0.0000000e+00   4.7690865e-02   7.8714754e-01   1.0000000e+00
   3.0648374e-01   0.0000000e+00   0.0000000e+00   2.9917877e-03   0.0000000e+00   0.0000000e+00   0.0000000e+00   0.0000000e+00   0.0000000e+00   0.0000000e+00   0.0000000e+00   0.0000000e+00   0.0000000e+00   0.0000000e+00   0.0000000e+00   4.5398300e-02   0.0000000e+00   0.0000000e+00   0.0000000e+00   0.0000000e+00   0.0000000e+00   0.0000000e+00   0.0000000e+00   0.0000000e+00   0.0000000e+00   0.0000000e+00   0.0000000e+00   0.0000000e+00   0.0000000e+00   0.0000000e+00   3.0648374e-01   4.5050097e-01   1.0000000e+00
   4.2050614e-01   0.0000000e+00   0.0000000e+00   0.0000000e+00   0.0000000e+00   0.0000000e+00   4.7315338e-04   0.0000000e+00   0.0000000e+00   0.0000000e+00   0.0000000e+00   0.0000000e+00   1.3667207e-03   0.0000000e+00   0.0000000e+00   0.0000000e+00   2.4765969e-04   0.0000000e+00   0.0000000e+00   0.0000000e+00   0.0000000e+00   0.0000000e+00   2.7622617e-05   0.0000000e+00   0.0000000e+00   0.0000000e+00   0.0000000e+00   0.0000000e+00   0.0000000e+00   0.0000000e+00   4.2050614e-01   3.5174828e-01   1.0000000e+00
   2.1246640e-01   1.8388036e-04   0.0000000e+00   0.0000000e+00   3.1196891e-04   0.0000000e+00   0.0000000e+00   1.7006629e-02   3.5403594e-02   0.0000000e+00   0.0000000e+00   0.0000000e+00   8.8273587e-03   0.0000000e+00   3.9043626e-03   4.0186277e-03   8.0474614e-05   0.0000000e+00   2.7581199e-02   6.1673616e-04   0.0000000e+00   2.9408125e-02   0.0000000e+00   0.0000000e+00   0.0000000e+00   1.1411862e-02   0.0000000e+00   7.5851838e-05   7.1205034e-04   0.0000000e+00   2.1246640e-01   5.4872715e-01   1.0000000e+00
   1.6003089e-01   0.0000000e+00   0.0000000e+00   0.0000000e+00   0.0000000e+00   0.0000000e+00   0.0000000e+00   0.0000000e+00   0.0000000e+00   0.0000000e+00   0.0000000e+00   0.0000000e+00   0.0000000e+00   0.0000000e+00   0.0000000e+00   0.0000000e+00   0.0000000e+00   0.0000000e+00   1.1123666e-01   0.0000000e+00   0.0000000e+00   0.0000000e+00   0.0000000e+00   0.0000000e+00   0.0000000e+00   0.0000000e+00   0.0000000e+00   0.0000000e+00   0.0000000e+00   0.0000000e+00   1.6003089e-01   6.0669262e-01   1.0000000e+00
   3.6077659e-02   0.0000000e+00   0.0000000e+00   0.0000000e+00   0.0000000e+00   0.0000000e+00   0.0000000e+00   0.0000000e+00   0.0000000e+00   0.0000000e+00   0.0000000e+00   0.0000000e+00   0.0000000e+00   0.0000000e+00   0.0000000e+00   0.0000000e+00   0.0000000e+00   0.0000000e+00   0.0000000e+00   0.0000000e+00   0.0000000e+00   0.0000000e+00   0.0000000e+00   0.0000000e+00   0.0000000e+00   0.0000000e+00   0.0000000e+00   0.0000000e+00   0.0000000e+00   0.0000000e+00   3.6077659e-02   8.1005880e-01   1.0000000e+00
   9.0013966e-01   0.0000000e+00   0.0000000e+00   0.0000000e+00   0.0000000e+00   0.0000000e+00   0.0000000e+00   0.0000000e+00   0.0000000e+00   0.0000000e+00   0.0000000e+00   0.0000000e+00   0.0000000e+00   0.0000000e+00   0.0000000e+00   0.0000000e+00   0.0000000e+00   0.0000000e+00   0.0000000e+00   0.0000000e+00   0.0000000e+00   0.0000000e+00   0.0000000e+00   0.0000000e+00   0.0000000e+00   0.0000000e+00   0.0000000e+00   0.0000000e+00   0.0000000e+00   0.0000000e+00   9.0013966e-01   5.1243100e-02   1.0000000e+00
   1.0345014e-01   0.0000000e+00   0.0000000e+00   0.0000000e+00   0.0000000e+00   0.0000000e+00   0.0000000e+00   0.0000000e+00   0.0000000e+00   0.0000000e+00   0.0000000e+00   0.0000000e+00   9.0572540e-03   0.0000000e+00   0.0000000e+00   0.0000000e+00   0.0000000e+00   0.0000000e+00   0.0000000e+00   0.0000000e+00   0.0000000e+00   0.0000000e+00   0.0000000e+00   0.0000000e+00   0.0000000e+00   0.0000000e+00   0.0000000e+00   0.0000000e+00   0.0000000e+00   0.0000000e+00   1.0345014e-01   6.7881443e-01   1.0000000e+00
   2.0735065e-01   2.0517470e-05   4.6466049e-05   0.0000000e+00   3.4809659e-05   2.6450017e-04   4.5551191e-02   2.4502642e-03   0.0000000e+00   0.0000000e+00   9.8438665e-04   6.5974095e-04   9.8496141e-04   9.7903726e-05   4.3565087e-04   1.8547027e-02   0.0000000e+00   0.0000000e+00   1.1982736e-01   6.8815751e-05   0.0000000e+00   3.2813743e-03   4.0788573e-04   1.1830721e-04   0.0000000e+00   1.2793798e-03   1.7909152e-03   6.0927822e-05   7.9450959e-05   5.4857484e-04   2.0735065e-01   5.5798962e-01   1.0000000e+00
   7.9846764e-01   0.0000000e+00   0.0000000e+00   0.0000000e+00   0.0000000e+00   0.0000000e+00   0.0000000e+00   0.0000000e+00   0.0000000e+00   1.2862581e-03   0.0000000e+00   0.0000000e+00   0.0000000e+00   0.0000000e+00   0.0000000e+00   0.0000000e+00   0.0000000e+00   0.0000000e+00   0.0000000e+00   0.0000000e+00   0.0000000e+00   0.0000000e+00   0.0000000e+00   0.0000000e+00   1.6792352e-03   0.0000000e+00   0.0000000e+00   0.0000000e+00   0.0000000e+00   0.0000000e+00   7.9846764e-01   1.0684074e-01   1.0000000e+00
   2.9886920e-01   2.2604014e-03   0.0000000e+00   2.2878233e-03   5.0429077e-03   9.1099753e-03   1.4406410e-02   2.1654675e-02   1.0681567e-02   0.0000000e+00   0.0000000e+00   0.0000000e+00   1.1294782e-02   2.3041788e-03   1.8429219e-05   8.7153968e-03   2.0115099e-03   0.0000000e+00   1.3079458e-02   2.0118509e-02   0.0000000e+00   2.5444307e-02   2.1290615e-01   0.0000000e+00   0.0000000e+00   5.9535810e-03   0.0000000e+00   6.5328868e-04   5.6536019e-03   0.0000000e+00   2.9886920e-01   4.8248922e-01   1.0000000e+00
   4.1873022e-01   1.8103394e-04   4.0998875e-04   0.0000000e+00   3.0713970e-04   2.3337921e-03   0.0000000e+00   2.1619673e-02   0.0000000e+00   0.0000000e+00   8.6856418e-03   5.8211614e-03   8.6907131e-03   8.6384419e-04   3.8439239e-03   5.2124609e-03   0.0000000e+00   0.0000000e+00   3.5437393e-02   6.0718921e-04   0.0000000e+00   2.8952893e-02   3.5989409e-03   1.0438724e-03   0.0000000e+00   1.1288486e-02   1.5801969e-02   5.3759083e-04   7.0102796e-04   4.8402978e-03   4.1873022e-01   3.6847025e-01   1.0000000e+00
   1.8877607e-01   0.0000000e+00   0.0000000e+00   0.0000000e+00   0.0000000e+00   0.0000000e+00   0.0000000e+00   0.0000000e+00   0.0000000e+00   0.0000000e+00   0.0000000e+00   0.0000000e+00   0.0000000e+00   0.0000000e+00   0.0000000e+00   0.0000000e+00   0.0000000e+00   0.0000000e+00   1.4103124e-01   0.0000000e+00   0.0000000e+00   0.0000000e+00   0.0000000e+00   0.0000000e+00   0.0000000e+00   0.0000000e+00   0.0000000e+00   0.0000000e+00   0.0000000e+00   0.0000000e+00   1.8877607e-01   5.7472347e-01   1.0000000e+00
   1.5525024e-01   0.0000000e+00   0.0000000e+00   0.0000000e+00   6.4716988e-04   0.0000000e+00   0.0000000e+00   9.4037963e-04   0.0000000e+00   0.0000000e+00   0.0000000e+00   0.0000000e+00   9.0241147e-03   0.0000000e+00   0.0000000e+00   0.0000000e+00   0.0000000e+00   0.0000000e+00   1.6375946e-04   1.4374233e-05   0.0000000e+00   1.2842821e-04   8.5120170e-04   0.0000000e+00   0.0000000e+00   0.0000000e+00   0.0000000e+00   0.0000000e+00   1.0493684e-04   5.2972026e-04   1.5525024e-01   6.0673814e-01   1.0000000e+00
   7.7510741e-01   0.0000000e+00   0.0000000e+00   2.1116874e-03   0.0000000e+00   1.8356923e-02   0.0000000e+00   0.0000000e+00   0.0000000e+00   2.2280204e-03   0.0000000e+00   0.0000000e+00   0.0000000e+00   0.0000000e+00   0.0000000e+00   0.0000000e+00   0.0000000e+00   0.0000000e+00   0.0000000e+00   0.0000000e+00   0.0000000e+00   0.0000000e+00   0.0000000e+00   0.0000000e+00   2.9087244e-03   0.0000000e+00   0.0000000e+00   0.0000000e+00   0.0000000e+00   0.0000000e+00   7.7510741e-01   1.2307549e-01   1.0000000e+00
   1.3706100e-01   0.0000000e+00   0.0000000e+00   0.0000000e+00   0.0000000e+00   1.8356923e-02   0.0000000e+00   0.0000000e+00   0.0000000e+00   2.2280204e-03   0.0000000e+00   0.0000000e+00   0.0000000e+00   0.0000000e+00   0.0000000e+00   0.0000000e+00   0.0000000e+00   0.0000000e+00   0.0000000e+00   0.0000000e+00   0.0000000e+00   0.0000000e+00   0.0000000e+00   0.0000000e+00   2.9087244e-03   0.0000000e+00   0.0000000e+00   0.0000000e+00   0.0000000e+00   0.0000000e+00   1.3706100e-01   6.3112481e-01   1.0000000e+00
   6.1324968e-02   2.3140966e-04   0.0000000e+00   2.3936041e-03   7.0342934e-03   0.0000000e+00   2.4154738e-02   2.0192171e-02   2.1141992e-02   0.0000000e+00   0.0000000e+00   0.0000000e+00   0.0000000e+00   0.0000000e+00   6.7978332e-03   3.3954802e-03   1.5164155e-03   0.0000000e+00   2.1454408e-02   2.4143183e-03   0.0000000e+00   3.6138067e-03   0.0000000e+00   0.0000000e+00   0.0000000e+00   9.9552683e-03   0.0000000e+00   4.6390979e-04   1.2872713e-03   0.0000000e+00   6.1324968e-02   7.5706716e-01   1.0000000e+00
   4.6310512e-01   0.0000000e+00   0.0000000e+00   2.9917877e-03   0.0000000e+00   0.0000000e+00   8.9777316e-02   0.0000000e+00   0.0000000e+00   0.0000000e+00   0.0000000e+00   0.0000000e+00   2.0167545e-02   0.0000000e+00   0.0000000e+00   0.0000000e+00   0.0000000e+00   0.0000000e+00   0.0000000e+00   0.0000000e+00   0.0000000e+00   0.0000000e+00   0.0000000e+00   0.0000000e+00   0.0000000e+00   0.0000000e+00   0.0000000e+00   0.0000000e+00   0.0000000e+00   0.0000000e+00   4.6310512e-01   3.3110296e-01   1.0000000e+00
   5.4412940e-01   0.0000000e+00   0.0000000e+00   1.5300277e-03   0.0000000e+00   0.0000000e+00   1.1241378e-01   0.0000000e+00   6.5802064e-03   0.0000000e+00   0.0000000e+00   0.0000000e+00   0.0000000e+00   0.0000000e+00   0.0000000e+00   5.7188286e-02   0.0000000e+00   0.0000000e+00   6.9882759e-03   0.0000000e+00   0.0000000e+00   0.0000000e+00   0.0000000e+00   0.0000000e+00   0.0000000e+00   0.0000000e+00   0.0000000e+00   0.0000000e+00   0.0000000e+00   0.0000000e+00   5.4412940e-01   2.8262259e-01   1.0000000e+00
   3.3890262e-01   0.0000000e+00   0.0000000e+00   0.0000000e+00   0.0000000e+00   0.0000000e+00   0.0000000e+00   0.0000000e+00   0.0000000e+00   0.0000000e+00   0.0000000e+00   0.0000000e+00   0.0000000e+00   0.0000000e+00   0.0000000e+00   0.0000000e+00   0.0000000e+00   0.0000000e+00   0.0000000e+00   0.0000000e+00   0.0000000e+00   0.0000000e+00   0.0000000e+00   0.0000000e+00   0.0000000e+00   0.0000000e+00   0.0000000e+00   0.0000000e+00   0.0000000e+00   0.0000000e+00   3.3890262e-01   4.1784656e-01   1.0000000e+00
   8.2346853e-01   0.0000000e+00   0.0000000e+00   3.0980008e-03   0.0000000e+00   0.0000000e+00   0.0000000e+00   0.0000000e+00   4.5679182e-04   0.0000000e+00   0.0000000e+00   0.0000000e+00   0.0000000e+00   0.0000000e+00   0.0000000e+00   4.5398300e-02   0.0000000e+00   0.0000000e+00   5.3968652e-04   0.0000000e+00   0.0000000e+00   0.0000000e+00   0.0000000e+00   0.0000000e+00   0.0000000e+00   0.0000000e+00   0.0000000e+00   0.0000000e+00   0.0000000e+00   0.0000000e+00   8.2346853e-01   9.9438211e-02   1.0000000e+00
   7.3508122e-01   4.3396273e-05   0.0000000e+00   3.2831878e-03   7.3625524e-05   0.0000000e+00   1.3224524e-02   4.0136112e-03   4.7666678e-03   0.0000000e+00   2.0820653e-03   0.0000000e+00   2.0832810e-03   0.0000000e+00   9.2144034e-04   1.1379270e-03   1.8992231e-05   0.0000000e+00   6.5092390e-03   1.4555143e-04   0.0000000e+00   6.9403985e-03   0.0000000e+00   0.0000000e+00   0.0000000e+00   2.6932308e-03   3.5727639e-03   1.7901243e-05   1.6804584e-04   0.0000000e+00   7.3508122e-01   1.4942717e-01   1.0000000e+00
   5.6053034e-01   0.0000000e+00   0.0000000e+00   0.0000000e+00   0.0000000e+00   0.0000000e+00   0.0000000e+00   0.0000000e+00   0.0000000e+00   0.0000000e+00   0.0000000e+00   0.0000000e+00   0.0000000e+00   0.0000000e+00   0.0000000e+00   0.0000000e+00   0.0000000e+00   0.0000000e+00   0.0000000e+00   0.0000000e+00   0.0000000e+00   0.0000000e+00   0.0000000e+00   0.0000000e+00   0.0000000e+00   0.0000000e+00   0.0000000e+00   0.0000000e+00   0.0000000e+00   0.0000000e+00   5.6053034e-01   2.5131426e-01   1.0000000e+00
   1.2984294e-02   2.5194865e-02   0.0000000e+00   0.0000000e+00   0.0000000e+00   1.0650711e-01   9.3828519e-04   0.0000000e+00   0.0000000e+00   0.0000000e+00   0.0000000e+00   0.0000000e+00   0.0000000e+00   4.9454823e-02   0.0000000e+00   0.0000000e+00   0.0000000e+00   0.0000000e+00   0.0000000e+00   1.4010047e-01   0.0000000e+00   1.7082040e-01   0.0000000e+00   0.0000000e+00   0.0000000e+00   0.0000000e+00   0.0000000e+00   0.0000000e+00   0.0000000e+00   0.0000000e+00   1.2984294e-02   8.9388090e-01   1.0000000e+00
   5.0252106e-01   0.0000000e+00   0.0000000e+00   1.7091715e-04   0.0000000e+00   0.0000000e+00   4.7042714e-02   0.0000000e+00   1.3265975e-03   0.0000000e+00   3.1132887e-03   0.0000000e+00   0.0000000e+00   0.0000000e+00   0.0000000e+00   1.6490921e-03   0.0000000e+00   0.0000000e+00   0.0000000e+00   0.0000000e+00   0.0000000e+00   0.0000000e+00   0.0000000e+00   0.0000000e+00   0.0000000e+00   0.0000000e+00   0.0000000e+00   0.0000000e+00   0.0000000e+00   0.0000000e+00   5.0252106e-01   2.9690432e-01   1.0000000e+00
   1.3483586e-01   0.0000000e+00   0.0000000e+00   0.0000000e+00   0.0000000e+00   0.0000000e+00   4.5530325e-02   0.0000000e+00   7.5580863e-03   0.0000000e+00   0.0000000e+00   0.0000000e+00   0.0000000e+00   0.0000000e+00   0.0000000e+00   1.7945658e-02   0.0000000e+00   0.0000000e+00   1.6519684e-03   0.0000000e+00   0.0000000e+00   0.0000000e+00   0.0000000e+00   0.0000000e+00   0.0000000e+00   0.0000000e+00   0.0000000e+00   0.0000000e+00   0.0000000e+00   0.0000000e+00   1.3483586e-01   6.3687280e-01   1.0000000e+00
   4.6922788e-01   3.8722264e-05   0.0000000e+00   1.5139954e-03   1.8678020e-04   1.1586968e-02   0.0000000e+00   7.1898986e-04   0.0000000e+00   0.0000000e+00   4.1748840e-03   1.1164905e-03   1.6893945e-03   0.0000000e+00   0.0000000e+00   5.6285224e-04   0.0000000e+00   0.0000000e+00   1.8342068e-02   0.0000000e+00   0.0000000e+00   9.5426117e-03   0.0000000e+00   0.0000000e+00   0.0000000e+00   0.0000000e+00   0.0000000e+00   0.0000000e+00   6.7633197e-04   0.0000000e+00   4.6922788e-01   3.2026709e-01   1.0000000e+00
   5.6880682e-01   0.0000000e+00   0.0000000e+00   0.0000000e+00   0.0000000e+00   0.0000000e+00   1.3224524e-02   0.0000000e+00   0.0000000e+00   0.0000000e+00   0.0000000e+00   0.0000000e+00   0.0000000e+00   0.0000000e+00   0.0000000e+00   0.0000000e+00   0.0000000e+00   0.0000000e+00   0.0000000e+00   0.0000000e+00   0.0000000e+00   0.0000000e+00   0.0000000e+00   0.0000000e+00   0.0000000e+00   0.0000000e+00   0.0000000e+00   0.0000000e+00   0.0000000e+00   0.0000000e+00   5.6880682e-01   2.4735009e-01   1.0000000e+00
   9.3616510e-01   0.0000000e+00   0.0000000e+00   2.6483440e-03   0.0000000e+00   2.5388529e-02   0.0000000e+00   1.3942870e-02   0.0000000e+00   0.0000000e+00   0.0000000e+00   0.0000000e+00   4.9776174e-03   0.0000000e+00   0.0000000e+00   0.0000000e+00   0.0000000e+00   0.0000000e+00   0.0000000e+00   0.0000000e+00   0.0000000e+00   0.0000000e+00   0.0000000e+00   0.0000000e+00   0.0000000e+00   0.0000000e+00   0.0000000e+00   0.0000000e+00   0.0000000e+00   0.0000000e+00   9.3616510e-01   3.9417705e-02   1.0000000e+00
   8.5640485e-02   0.0000000e+00   0.0000000e+00   2.6483440e-03   0.0000000e+00   0.0000000e+00   0.0000000e+00   0.0000000e+00   0.0000000e+00   0.0000000e+00   0.0000000e+00   0.0000000e+00   0.0000000e+00   0.0000000e+00   0.0000000e+00   0.0000000e+00   0.0000000e+00   0.0000000e+00   0.0000000e+00   0.0000000e+00   0.0000000e+00   0.0000000e+00   0.0000000e+00   0.0000000e+00   0.0000000e+00   0.0000000e+00   0.0000000e+00   0.0000000e+00   0.0000000e+00   0.0000000e+00   8.5640485e-02   7.0747623e-01   1.0000000e+00
   2.9136346e-01   0.0000000e+00   0.0000000e+00   0.0000000e+00   0.0000000e+00   0.0000000e+00   0.0000000e+00   9.7844064e-02   0.0000000e+00   0.0000000e+00   8.0905271e-03   0.0000000e+00   0.0000000e+00   0.0000000e+00   0.0000000e+00   5.5165736e-02   0.0000000e+00   0.0000000e+00   1.1949808e-01   0.0000000e+00   0.0000000e+00   0.0000000e+00   0.0000000e+00   0.0000000e+00   0.0000000e+00   0.0000000e+00   1.4536926e-02   0.0000000e+00   0.0000000e+00   0.0000000e+00   2.9136346e-01   4.8336119e-01   1.0000000e+00
   7.6074681e-01   0.0000000e+00   0.0000000e+00   0.0000000e+00   6.4320809e-04   0.0000000e+00   6.4521420e-02   8.0013542e-04   9.3280066e-03   0.0000000e+00   0.0000000e+00   0.0000000e+00   5.6423569e-04   0.0000000e+00   0.0000000e+00   2.2726928e-02   0.0000000e+00   0.0000000e+00   1.6275697e-04   1.4286238e-05   0.0000000e+00   1.2764201e-04   8.4599087e-04   0.0000000e+00   0.0000000e+00   0.0000000e+00   0.0000000e+00   0.0000000e+00   1.0429445e-04   2.2880983e-03   7.6074681e-01   1.4129401e-01   1.0000000e+00
   3.9365875e-01   0.0000000e+00   0.0000000e+00   0.0000000e+00   0.0000000e+00   0.0000000e+00   0.0000000e+00   0.0000000e+00   0.0000000e+00   0.0000000e+00   3.1132887e-03   0.0000000e+00   0.0000000e+00   0.0000000e+00   0.0000000e+00   0.0000000e+00   0.0000000e+00   0.0000000e+00   0.0000000e+00   0.0000000e+00   0.0000000e+00   0.0000000e+00   0.0000000e+00   0.0000000e+00   0.0000000e+00   0.0000000e+00   0.0000000e+00   0.0000000e+00   0.0000000e+00   0.0000000e+00   3.9365875e-01   3.7288058e-01   1.0000000e+00
   5.4923767e-01   0.0000000e+00   0.0000000e+00   2.9205482e-03   0.0000000e+00   0.0000000e+00   8.4033898e-02   0.0000000e+00   0.0000000e+00   0.0000000e+00   0.0000000e+00   0.0000000e+00   2.7934600e-02   0.0000000e+00   0.0000000e+00   0.0000000e+00   0.0000000e+00   0.0000000e+00   0.0000000e+00   0.0000000e+00   0.0000000e+00   0.0000000e+00   0.0000000e+00   0.0000000e+00   0.0000000e+00   0.0000000e+00   0.0000000e+00   0.0000000e+00   0.0000000e+00   0.0000000e+00   5.4923767e-01   2.7176331e-01   1.0000000e+00
   5.8517138e-01   0.0000000e+00   0.0000000e+00   0.0000000e+00   0.0000000e+00   0.0000000e+00   0.0000000e+00   0.0000000e+00   0.0000000e+00   0.0000000e+00   0.0000000e+00   0.0000000e+00   0.0000000e+00   0.0000000e+00   0.0000000e+00   0.0000000e+00   0.0000000e+00   0.0000000e+00   0.0000000e+00   0.0000000e+00   0.0000000e+00   0.0000000e+00   0.0000000e+00   0.0000000e+00   0.0000000e+00   0.0000000e+00   0.0000000e+00   0.0000000e+00   0.0000000e+00   0.0000000e+00   5.8517138e-01   2.3503505e-01   1.0000000e+00
   3.2334761e-01   0.0000000e+00   0.0000000e+00   0.0000000e+00   0.0000000e+00   0.0000000e+00   0.0000000e+00   0.0000000e+00   0.0000000e+00   0.0000000e+00   8.6856418e-03   0.0000000e+00   0.0000000e+00   0.0000000e+00   0.0000000e+00   0.0000000e+00   0.0000000e+00   0.0000000e+00   0.0000000e+00   0.0000000e+00   0.0000000e+00   0.0000000e+00   0.0000000e+00   0.0000000e+00   0.0000000e+00   0.0000000e+00   1.4904310e-02   0.0000000e+00   0.0000000e+00   0.0000000e+00   3.2334761e-01   4.3343352e-01   1.0000000e+00
   1.8000095e-02   0.0000000e+00   0.0000000e+00   0.0000000e+00   0.0000000e+00   0.0000000e+00   4.5551191e-02   0.0000000e+00   0.0000000e+00   0.0000000e+00   0.0000000e+00   0.0000000e+00   0.0000000e+00   0.0000000e+00   0.0000000e+00   1.7956273e-02   0.0000000e+00   0.0000000e+00   0.0000000e+00   0.0000000e+00   0.0000000e+00   0.0000000e+00   0.0000000e+00   0.0000000e+00   0.0000000e+00   0.0000000e+00   0.0000000e+00   0.0000000e+00   0.0000000e+00   0.0000000e+00   1.8000095e-02   8.6713848e-01   1.0000000e+00
   7.1700227e-01   0.0000000e+00   0.0000000e+00   0.0000000e+00   0.0000000e+00   0.0000000e+00   0.0000000e+00   0.0000000e+00   0.0000000e+00   0.0000000e+00   0.0000000e+00   0.0000000e+00   9.2908410e-03   0.0000000e+00   0.0000000e+00   0.0000000e+00   0.0000000e+00   0.0000000e+00   0.0000000e+00   0.0000000e+00   0.0000000e+00   0.0000000e+00   0.0000000e+00   0.0000000e+00   0.0000000e+00   0.0000000e+00   0.0000000e+00   0.0000000e+00   0.0000000e+00   0.0000000e+00   7.1700227e-01   1.5445826e-01   1.0000000e+00
   4.9227151e-01   0.0000000e+00   0.0000000e+00   1.7091715e-04   0.0000000e+00   0.0000000e+00   1.7305683e-01   0.0000000e+00   1.3265975e-03   0.0000000e+00   3.1132887e-03   0.0000000e+00   0.0000000e+00   0.0000000e+00   0.0000000e+00   1.3328093e-02   0.0000000e+00   0.0000000e+00   0.0000000e+00   0.0000000e+00   0.0000000e+00   0.0000000e+00   0.0000000e+00   0.0000000e+00   0.0000000e+00   0.0000000e+00   0.0000000e+00   0.0000000e+00   0.0000000e+00   0.0000000e+00   4.9227151e-01   3.1829248e-01   1.0000000e+00
   8.7795319e-04   1.5356358e-01   0.0000000e+00   0.0000000e+00   3.5415809e-02   2.6345580e-01   0.0000000e+00   2.1877406e-01   0.0000000e+00   0.0000000e+00   0.0000000e+00   0.0000000e+00   0.0000000e+00   0.0000000e+00   0.0000000e+00   2.5799269e-02   0.0000000e+00   3.6930924e-02   1.6133816e-01   1.7293745e-01   0.0000000e+00   0.0000000e+00   0.0000000e+00   0.0000000e+00   1.5935509e-02   0.0000000e+00   0.0000000e+00   0.0000000e+00   1.4639215e-01   3.7522297e-03   8.7795319e-04   9.7480493e-01   1.0000000e+00
   3.1957998e-01   0.0000000e+00   0.0000000e+00   0.0000000e+00   0.0000000e+00   0.0000000e+00   0.0000000e+00   9.7844064e-02   0.0000000e+00   0.0000000e+00   8.0905271e-03   0.0000000e+00   0.0000000e+00   0.0000000e+00   0.0000000e+00   5.5165736e-02   0.0000000e+00   0.0000000e+00   0.0000000e+00   0.0000000e+00   0.0000000e+00   0.0000000e+00   0.0000000e+00   0.0000000e+00   0.0000000e+00   0.0000000e+00   1.4536926e-02   0.0000000e+00   0.0000000e+00   0.0000000e+00   3.1957998e-01   4.4949050e-01   1.0000000e+00
   2.4599540e-02   0.0000000e+00   0.0000000e+00   0.0000000e+00   0.0000000e+00   0.0000000e+00   4.5551191e-02   0.0000000e+00   0.0000000e+00   0.0000000e+00   0.0000000e+00   0.0000000e+00   0.0000000e+00   0.0000000e+00   0.0000000e+00   1.7956273e-02   0.0000000e+00   0.0000000e+00   3.2417324e-03   0.0000000e+00   0.0000000e+00   0.0000000e+00   0.0000000e+00   0.0000000e+00   0.0000000e+00   0.0000000e+00   0.0000000e+00   0.0000000e+00   0.0000000e+00   0.0000000e+00   2.4599540e-02   8.4475730e-01   1.0000000e+00
   3.7128284e-01   0.0000000e+00   0.0000000e+00   0.0000000e+00   0.0000000e+00   0.0000000e+00   0.0000000e+00   0.0000000e+00   0.0000000e+00   0.0000000e+00   0.0000000e+00   0.0000000e+00   0.0000000e+00   0.0000000e+00   0.0000000e+00   0.0000000e+00   0.0000000e+00   0.0000000e+00   0.0000000e+00   0.0000000e+00   0.0000000e+00   0.0000000e+00   0.0000000e+00   0.0000000e+00   0.0000000e+00   0.0000000e+00   0.0000000e+00   0.0000000e+00   0.0000000e+00   0.0000000e+00   3.7128284e-01   3.9067018e-01   1.0000000e+00
   7.6373132e-01   0.0000000e+00   0.0000000e+00   0.0000000e+00   6.4320809e-04   0.0000000e+00   6.4521420e-02   8.0013542e-04   9.3641418e-03   0.0000000e+00   0.0000000e+00   0.0000000e+00   5.6423569e-04   0.0000000e+00   0.0000000e+00   2.2726928e-02   0.0000000e+00   0.0000000e+00   1.6275697e-04   1.4286238e-05   0.0000000e+00   1.2764201e-04   8.4599087e-04   0.0000000e+00   0.0000000e+00   0.0000000e+00   0.0000000e+00   0.0000000e+00   1.0429445e-04   2.2880983e-03   7.6373132e-01   1.3961592e-01   1.0000000e+00
   6.8248015e-02   0.0000000e+00   0.0000000e+00   0.0000000e+00   6.4716988e-04   0.0000000e+00   0.0000000e+00   9.4037963e-04   0.0000000e+00   0.0000000e+00   0.0000000e+00   0.0000000e+00   6.1260795e-04   0.0000000e+00   0.0000000e+00   0.0000000e+00   0.0000000e+00   0.0000000e+00   1.6375946e-04   1.4374233e-05   0.0000000e+00   1.2842821e-04   8.5120170e-04   0.0000000e+00   0.0000000e+00   0.0000000e+00   0.0000000e+00   0.0000000e+00   1.0493684e-04   5.2972026e-04   6.8248015e-02   7.3891849e-01   1.0000000e+00
   9.5072754e-02   0.0000000e+00   0.0000000e+00   0.0000000e+00   0.0000000e+00   0.0000000e+00   1.6054951e-01   0.0000000e+00   0.0000000e+00   5.0497755e-04   0.0000000e+00   0.0000000e+00   3.9966420e-03   0.0000000e+00   0.0000000e+00   4.6615922e-02   6.7461346e-04   0.0000000e+00   2.6855497e-03   0.0000000e+00   0.0000000e+00   0.0000000e+00   1.6918525e-05   0.0000000e+00   0.0000000e+00   0.0000000e+00   0.0000000e+00   0.0000000e+00   0.0000000e+00   0.0000000e+00   9.5072754e-02   7.0146230e-01   1.0000000e+00
   4.9352212e-01   0.0000000e+00   0.0000000e+00   0.0000000e+00   0.0000000e+00   0.0000000e+00   0.0000000e+00   0.0000000e+00   0.0000000e+00   0.0000000e+00   0.0000000e+00   0.0000000e+00   0.0000000e+00   0.0000000e+00   0.0000000e+00   0.0000000e+00   0.0000000e+00   0.0000000e+00   1.1078990e-01   0.0000000e+00   0.0000000e+00   0.0000000e+00   0.0000000e+00   0.0000000e+00   0.0000000e+00   0.0000000e+00   0.0000000e+00   0.0000000e+00   0.0000000e+00   0.0000000e+00   4.9352212e-01   3.0926317e-01   1.0000000e+00
   8.0662155e-02   0.0000000e+00   0.0000000e+00   0.0000000e+00   0.0000000e+00   0.0000000e+00   1.9379964e-01   0.0000000e+00   0.0000000e+00   0.0000000e+00   0.0000000e+00   0.0000000e+00   4.8243546e-03   0.0000000e+00   0.0000000e+00   4.6868094e-02   8.1432726e-04   0.0000000e+00   3.2417324e-03   0.0000000e+00   0.0000000e+00   0.0000000e+00   2.0422386e-05   0.0000000e+00   0.0000000e+00   0.0000000e+00   0.0000000e+00   0.0000000e+00   0.0000000e+00   0.0000000e+00   8.0662155e-02   7.2638753e-01   1.0000000e+00
   1.0015314e-01   1.8388036e-04   0.0000000e+00   0.0000000e+00   3.1196891e-04   0.0000000e+00   0.0000000e+00   1.7006629e-02   2.8078821e-02   0.0000000e+00   0.0000000e+00   0.0000000e+00   8.8273587e-03   0.0000000e+00   3.9043626e-03   4.8216683e-03   8.0474614e-05   0.0000000e+00   2.7581199e-02   6.1673616e-04   0.0000000e+00   2.9408125e-02   0.0000000e+00   0.0000000e+00   0.0000000e+00   1.1411862e-02   0.0000000e+00   7.5851838e-05   7.1205034e-04   0.0000000e+00   1.0015314e-01   6.8986697e-01   1.0000000e+00
   9.5225193e-01   0.0000000e+00   0.0000000e+00   0.0000000e+00   0.0000000e+00   0.0000000e+00   0.0000000e+00   0.0000000e+00   0.0000000e+00   0.0000000e+00   7.1138865e-03   0.0000000e+00   4.3968506e-03   0.0000000e+00   0.0000000e+00   0.0000000e+00   0.0000000e+00   0.0000000e+00   0.0000000e+00   0.0000000e+00   0.0000000e+00   0.0000000e+00   0.0000000e+00   0.0000000e+00   0.0000000e+00   0.0000000e+00   1.3934013e-02   0.0000000e+00   0.0000000e+00   0.0000000e+00   9.5225193e-01   2.7996272e-02   1.0000000e+00
   1.8780159e-02   0.0000000e+00   0.0000000e+00   0.0000000e+00   0.0000000e+00   1.8356923e-02   0.0000000e+00   0.0000000e+00   0.0000000e+00   2.2280204e-03   0.0000000e+00   0.0000000e+00   0.0000000e+00   0.0000000e+00   0.0000000e+00   0.0000000e+00   0.0000000e+00   0.0000000e+00   0.0000000e+00   0.0000000e+00   0.0000000e+00   0.0000000e+00   0.0000000e+00   0.0000000e+00   2.9087244e-03   0.0000000e+00   0.0000000e+00   0.0000000e+00   0.0000000e+00   0.0000000e+00   1.8780159e-02   8.6345615e-01   1.0000000e+00
   9.1638824e-01   0.0000000e+00   0.0000000e+00   0.0000000e+00   0.0000000e+00   0.0000000e+00   0.0000000e+00   0.0000000e+00   0.0000000e+00   0.0000000e+00   0.0000000e+00   0.0000000e+00   9.0572540e-03   0.0000000e+00   0.0000000e+00   0.0000000e+00   0.0000000e+00   0.0000000e+00   0.0000000e+00   0.0000000e+00   0.0000000e+00   0.0000000e+00   0.0000000e+00   0.0000000e+00   0.0000000e+00   0.0000000e+00   0.0000000e+00   0.0000000e+00   0.0000000e+00   0.0000000e+00   9.1638824e-01   4.4060874e-02   1.0000000e+00
   8.4211828e-03   8.5615492e-03   0.0000000e+00   0.0000000e+00   1.7339315e-02   0.0000000e+00   1.8046614e-01   5.9777643e-02   1.7106453e-02   0.0000000e+00   0.0000000e+00   4.7303810e-03   0.0000000e+00   0.0000000e+00   4.0296196e-02   2.3265574e-02   0.0000000e+00   5.4729696e-04   0.0000000e+00   1.4514348e-01   1.0310664e-02   9.5158641e-03   0.0000000e+00   1.7231660e-02   5.7409411e-03   1.3497958e-03   0.0000000e+00   0.0000000e+00   0.0000000e+00   0.0000000e+00   8.4211828e-03   9.1508933e-01   1.0000000e+00
   8.2741787e-01   0.0000000e+00   0.0000000e+00   2.6817521e-03   0.0000000e+00   0.0000000e+00   2.4317197e-03   0.0000000e+00   0.0000000e+00   0.0000000e+00   0.0000000e+00   0.0000000e+00   0.0000000e+00   0.0000000e+00   0.0000000e+00   1.2370893e-03   0.0000000e+00   0.0000000e+00   0.0000000e+00   0.0000000e+00   0.0000000e+00   0.0000000e+00   0.0000000e+00   0.0000000e+00   0.0000000e+00   0.0000000e+00   0.0000000e+00   0.0000000e+00   0.0000000e+00   0.0000000e+00   8.2741787e-01   9.1269924e-02   1.0000000e+00
   3.1859294e-02   0.0000000e+00   0.0000000e+00   0.0000000e+00   0.0000000e+00   0.0000000e+00   0.0000000e+00   0.0000000e+00   0.0000000e+00   0.0000000e+00   0.0000000e+00   0.0000000e+00   0.0000000e+00   0.0000000e+00   0.0000000e+00   0.0000000e+00   0.0000000e+00   0.0000000e+00   0.0000000e+00   0.0000000e+00   0.0000000e+00   0.0000000e+00   0.0000000e+00   0.0000000e+00   0.0000000e+00   0.0000000e+00   0.0000000e+00   0.0000000e+00   0.0000000e+00   0.0000000e+00   3.1859294e-02   8.2150828e-01   1.0000000e+00
   1.1372014e-04   0.0000000e+00   2.7867868e-02   0.0000000e+00   0.0000000e+00   1.5863315e-01   0.0000000e+00   3.3145342e-01   0.0000000e+00   0.0000000e+00   0.0000000e+00   3.9567758e-01   0.0000000e+00   5.8717454e-02   0.0000000e+00   3.1636401e-02   6.1803437e-02   0.0000000e+00   5.6302420e-01   0.0000000e+00   0.0000000e+00   0.0000000e+00   2.4462820e-01   7.0954378e-02   0.0000000e+00   3.6213787e-03   6.1015936e-02   3.1465260e-02   0.0000000e+00   3.2900605e-01   1.1372014e-04   9.9190488e-01   1.0000000e+00
   6.1447811e-01   0.0000000e+00   0.0000000e+00   0.0000000e+00   0.0000000e+00   0.0000000e+00   0.0000000e+00   0.0000000e+00   0.0000000e+00   0.0000000e+00   8.6856418e-03   0.0000000e+00   0.0000000e+00   0.0000000e+00   0.0000000e+00   0.0000000e+00   0.0000000e+00   0.0000000e+00   0.0000000e+00   0.0000000e+00   0.0000000e+00   0.0000000e+00   0.0000000e+00   0.0000000e+00   0.0000000e+00   0.0000000e+00   1.4904310e-02   0.0000000e+00   0.0000000e+00   0.0000000e+00   6.1447811e-01   2.1896722e-01   1.0000000e+00
   1.8631747e-03   0.0000000e+00   0.0000000e+00   0.0000000e+00   0.0000000e+00   2.4916236e-01   0.0000000e+00   1.8203053e-01   0.0000000e+00   0.0000000e+00   0.0000000e+00   0.0000000e+00   0.0000000e+00   0.0000000e+00   0.0000000e+00   0.0000000e+00   0.0000000e+00   3.6930924e-02   0.0000000e+00   0.0000000e+00   0.0000000e+00   0.0000000e+00   0.0000000e+00   0.0000000e+00   0.0000000e+00   0.0000000e+00   0.0000000e+00   0.0000000e+00   0.0000000e+00   0.0000000e+00   1.8631747e-03   9.5966603e-01   1.0000000e+00
   6.0032679e-01   0.0000000e+00   0.0000000e+00   0.0000000e+00   0.0000000e+00   0.0000000e+00   0.0000000e+00   0.0000000e+00   0.0000000e+00   0.0000000e+00   0.0000000e+00   0.0000000e+00   0.0000000e+00   0.0000000e+00   0.0000000e+00   0.0000000e+00   0.0000000e+00   0.0000000e+00   0.0000000e+00   0.0000000e+00   0.0000000e+00   0.0000000e+00   0.0000000e+00   0.0000000e+00   0.0000000e+00   0.0000000e+00   0.0000000e+00   0.0000000e+00   0.0000000e+00   0.0000000e+00   6.0032679e-01   2.2519242e-01   1.0000000e+00
   7.8484928e-01   0.0000000e+00   0.0000000e+00   2.2495923e-03   0.0000000e+00   0.0000000e+00   0.0000000e+00   0.0000000e+00   0.0000000e+00   0.0000000e+00   0.0000000e+00   0.0000000e+00   0.0000000e+00   0.0000000e+00   0.0000000e+00   0.0000000e+00   0.0000000e+00   0.0000000e+00   0.0000000e+00   0.0000000e+00   0.0000000e+00   0.0000000e+00   0.0000000e+00   0.0000000e+00   0.0000000e+00   0.0000000e+00   0.0000000e+00   0.0000000e+00   0.0000000e+00   0.0000000e+00   7.8484928e-01   1.1439189e-01   1.0000000e+00
   3.7892744e-01   0.0000000e+00   0.0000000e+00   2.6483440e-03   0.0000000e+00   2.5388529e-02   0.0000000e+00   1.3942870e-02   0.0000000e+00   0.0000000e+00   0.0000000e+00   0.0000000e+00   4.9776174e-03   0.0000000e+00   0.0000000e+00   0.0000000e+00   0.0000000e+00   0.0000000e+00   0.0000000e+00   0.0000000e+00   0.0000000e+00   0.0000000e+00   0.0000000e+00   0.0000000e+00   0.0000000e+00   0.0000000e+00   0.0000000e+00   0.0000000e+00   0.0000000e+00   0.0000000e+00   3.7892744e-01   3.8886609e-01   1.0000000e+00
   5.3154718e-02   0.0000000e+00   0.0000000e+00   0.0000000e+00   0.0000000e+00   0.0000000e+00   0.0000000e+00   0.0000000e+00   0.0000000e+00   5.0497755e-04   0.0000000e+00   0.0000000e+00   0.0000000e+00   0.0000000e+00   0.0000000e+00   0.0000000e+00   0.0000000e+00   0.0000000e+00   0.0000000e+00   0.0000000e+00   0.0000000e+00   0.0000000e+00   0.0000000e+00   0.0000000e+00   0.0000000e+00   0.0000000e+00   0.0000000e+00   0.0000000e+00   0.0000000e+00   0.0000000e+00   5.3154718e-02   7.6946499e-01   1.0000000e+00
   5.2503662e-02   0.0000000e+00   0.0000000e+00   0.0000000e+00   0.0000000e+00   1.8356923e-02   0.0000000e+00   0.0000000e+00   0.0000000e+00   2.2280204e-03   0.0000000e+00   0.0000000e+00   0.0000000e+00   0.0000000e+00   0.0000000e+00   0.0000000e+00   0.0000000e+00   0.0000000e+00   0.0000000e+00   0.0000000e+00   0.0000000e+00   0.0000000e+00   0.0000000e+00   0.0000000e+00   2.9087244e-03   0.0000000e+00   0.0000000e+00   0.0000000e+00   0.0000000e+00   0.0000000e+00   5.2503662e-02   7.7169402e-01   1.0000000e+00
   6.5683753e-03   8.3649671e-02   4.7480049e-03   1.6345357e-01   0.0000000e+00   2.3219307e-01   6.5028212e-02   8.8523637e-02   0.0000000e+00   0.0000000e+00   1.5343537e-02   1.0418148e-03   3.3309488e-02   0.0000000e+00   9.3835213e-02   1.8494414e-02   0.0000000e+00   1.3726768e-02   0.0000000e+00   2.6016023e-01   0.0000000e+00   1.1756339e-02   1.5797717e-01   1.1819269e-02   0.0000000e+00   0.0000000e+00   0.0000000e+00   0.0000000e+00   0.0000000e+00   9.0741784e-02   6.5683753e-03   9.3193207e-01   1.0000000e+00
   3.3123872e-01   0.0000000e+00   0.0000000e+00   7.8521420e-04   6.4716988e-04   0.0000000e+00   7.1200499e-04   0.0000000e+00   0.0000000e+00   0.0000000e+00   0.0000000e+00   0.0000000e+00   6.1260795e-04   0.0000000e+00   0.0000000e+00   3.6221846e-04   0.0000000e+00   0.0000000e+00   1.6375946e-04   1.4374233e-05   0.0000000e+00   1.2842821e-04   8.5120170e-04   0.0000000e+00   0.0000000e+00   0.0000000e+00   0.0000000e+00   0.0000000e+00   1.0493684e-04   5.2972026e-04   3.3123872e-01   4.2490472e-01   1.0000000e+00
   3.8442848e-01   0.0000000e+00   0.0000000e+00   0.0000000e+00   0.0000000e+00   0.0000000e+00   4.7315338e-04   0.0000000e+00   0.0000000e+00   0.0000000e+00   0.0000000e+00   0.0000000e+00   1.3667207e-03   0.0000000e+00   0.0000000e+00   0.0000000e+00   2.4765969e-04   0.0000000e+00   0.0000000e+00   0.0000000e+00   0.0000000e+00   0.0000000e+00   2.7622617e-05   0.0000000e+00   0.0000000e+00   0.0000000e+00   0.0000000e+00   0.0000000e+00   0.0000000e+00   0.0000000e+00   3.8442848e-01   3.8018043e-01   1.0000000e+00
   3.1836865e-02   0.0000000e+00   0.0000000e+00   0.0000000e+00   0.0000000e+00   2.4916236e-01   0.0000000e+00   1.8203053e-01   0.0000000e+00   0.0000000e+00   0.0000000e+00   0.0000000e+00   0.0000000e+00   0.0000000e+00   0.0000000e+00   0.0000000e+00   0.0000000e+00   3.6930924e-02   0.0000000e+00   0.0000000e+00   0.0000000e+00   0.0000000e+00   0.0000000e+00   0.0000000e+00   0.0000000e+00   0.0000000e+00   0.0000000e+00   0.0000000e+00   0.0000000e+00   0.0000000e+00   3.1836865e-02   8.3327169e-01   1.0000000e+00
   7.8816428e-01   0.0000000e+00   0.0000000e+00   0.0000000e+00   0.0000000e+00   0.0000000e+00   0.0000000e+00   0.0000000e+00   0.0000000e+00   0.0000000e+00   0.0000000e+00   0.0000000e+00   0.0000000e+00   0.0000000e+00   0.0000000e+00   0.0000000e+00   0.0000000e+00   0.0000000e+00   0.0000000e+00   0.0000000e+00   0.0000000e+00   0.0000000e+00   0.0000000e+00   0.0000000e+00   0.0000000e+00   0.0000000e+00   0.0000000e+00   0.0000000e+00   0.0000000e+00   0.0000000e+00   7.8816428e-01   1.1221383e-01   1.0000000e+00
   6.1409404e-01   0.0000000e+00   0.0000000e+00   2.3988752e-03   0.0000000e+00   0.0000000e+00   0.0000000e+00   0.0000000e+00   1.0316868e-02   0.0000000e+00   0.0000000e+00   0.0000000e+00   0.0000000e+00   0.0000000e+00   0.0000000e+00   0.0000000e+00   0.0000000e+00   0.0000000e+00   1.2189086e-02   0.0000000e+00   0.0000000e+00   0.0000000e+00   0.0000000e+00   0.0000000e+00   0.0000000e+00   0.0000000e+00   0.0000000e+00   0.0000000e+00   0.0000000e+00   0.0000000e+00   6.1409404e-01   2.1936945e-01   1.0000000e+00
   5.8982639e-01   0.0000000e+00   0.0000000e+00   0.0000000e+00   0.0000000e+00   0.0000000e+00   0.0000000e+00   0.0000000e+00   0.0000000e+00   0.0000000e+00   0.0000000e+00   0.0000000e+00   0.0000000e+00   0.0000000e+00   0.0000000e+00   0.0000000e+00   0.0000000e+00   0.0000000e+00   0.0000000e+00   0.0000000e+00   0.0000000e+00   0.0000000e+00   0.0000000e+00   0.0000000e+00   0.0000000e+00   0.0000000e+00   0.0000000e+00   0.0000000e+00   0.0000000e+00   0.0000000e+00   5.8982639e-01   2.3199844e-01   1.0000000e+00
   4.6635651e-03   0.0000000e+00   0.0000000e+00   5.5725160e-03   2.8608976e-02   0.0000000e+00   5.5282728e-02   1.0298046e-01   0.0000000e+00   0.0000000e+00   0.0000000e+00   0.0000000e+00   0.0000000e+00   0.0000000e+00   0.0000000e+00   1.5146007e-02   0.0000000e+00   0.0000000e+00   0.0000000e+00   1.3338253e-02   0.0000000e+00   0.0000000e+00   0.0000000e+00   0.0000000e+00   0.0000000e+00   0.0000000e+00   3.8182899e-04   0.0000000e+00   0.0000000e+00   1.0685418e-02   4.6635651e-03   9.3404285e-01   1.0000000e+00
   3.4899722e-03   0.0000000e+00   0.0000000e+00   1.0486448e-01   0.0000000e+00   0.0000000e+00   3.9872253e-01   0.0000000e+00   6.6619117e-02   0.0000000e+00   3.7660158e-03   0.0000000e+00   0.0000000e+00   0.0000000e+00   2.2218650e-02   0.0000000e+00   1.2547957e-01   0.0000000e+00   3.7050815e-02   0.0000000e+00   0.0000000e+00   0.0000000e+00   0.0000000e+00   0.0000000e+00   0.0000000e+00   1.5968329e-01   1.5335905e-01   5.1583808e-03   7.4362067e-03   4.3148755e-02   3.4899722e-03   9.4915390e-01   1.0000000e+00
   7.2688619e-01   0.0000000e+00   0.0000000e+00   0.0000000e+00   0.0000000e+00   1.8295790e-02   0.0000000e+00   0.0000000e+00   0.0000000e+00   2.2206006e-03   0.0000000e+00   0.0000000e+00   9.2908410e-03   0.0000000e+00   0.0000000e+00   0.0000000e+00   0.0000000e+00   0.0000000e+00   0.0000000e+00   0.0000000e+00   0.0000000e+00   0.0000000e+00   0.0000000e+00   0.0000000e+00   2.8990377e-03   0.0000000e+00   0.0000000e+00   0.0000000e+00   0.0000000e+00   0.0000000e+00   7.2688619e-01   1.5171805e-01   1.0000000e+00
   9.2625768e-01   0.0000000e+00   0.0000000e+00   8.1064879e-05   0.0000000e+00   0.0000000e+00   3.1392794e-02   0.0000000e+00   4.4500305e-04   0.0000000e+00   1.4866178e-04   0.0000000e+00   0.0000000e+00   0.0000000e+00   0.0000000e+00   0.0000000e+00   0.0000000e+00   0.0000000e+00   0.0000000e+00   0.0000000e+00   0.0000000e+00   0.0000000e+00   0.0000000e+00   0.0000000e+00   0.0000000e+00   0.0000000e+00   0.0000000e+00   0.0000000e+00   0.0000000e+00   0.0000000e+00   9.2625768e-01   4.2330741e-02   1.0000000e+00
   2.8825847e-02   0.0000000e+00   0.0000000e+00   5.5725160e-03   2.8608976e-02   0.0000000e+00   1.9918875e-01   1.0298046e-01   0.0000000e+00   0.0000000e+00   0.0000000e+00   0.0000000e+00   0.0000000e+00   0.0000000e+00   0.0000000e+00   4.2907803e-02   0.0000000e+00   0.0000000e+00   0.0000000e+00   1.3338253e-02   0.0000000e+00   0.0000000e+00   0.0000000e+00   0.0000000e+00   0.0000000e+00   0.0000000e+00   3.8182899e-04   0.0000000e+00   0.0000000e+00   1.0685418e-02   2.8825847e-02   8.3994778e-01   1.0000000e+00
   7.0879311e-02   0.0000000e+00   0.0000000e+00   0.0000000e+00   0.0000000e+00   0.0000000e+00   0.0000000e+00   0.0000000e+00   0.0000000e+00   0.0000000e+00   0.0000000e+00   0.0000000e+00   9.2908410e-03   0.0000000e+00   0.0000000e+00   0.0000000e+00   0.0000000e+00   0.0000000e+00   0.0000000e+00   0.0000000e+00   0.0000000e+00   0.0000000e+00   0.0000000e+00   0.0000000e+00   0.0000000e+00   0.0000000e+00   0.0000000e+00   0.0000000e+00   0.0000000e+00   0.0000000e+00   7.0879311e-02   7.3415131e-01   1.0000000e+00
   7.5408574e-02   0.0000000e+00   0.0000000e+00   0.0000000e+00   0.0000000e+00   0.0000000e+00   4.5508643e-02   0.0000000e+00   0.0000000e+00   0.0000000e+00   0.0000000e+00   0.0000000e+00   9.1588971e-03   0.0000000e+00   0.0000000e+00   1.7934628e-02   0.0000000e+00   0.0000000e+00   0.0000000e+00   0.0000000e+00   0.0000000e+00   0.0000000e+00   0.0000000e+00   0.0000000e+00   0.0000000e+00   0.0000000e+00   0.0000000e+00   0.0000000e+00   0.0000000e+00   0.0000000e+00   7.5408574e-02   7.2843614e-01   1.0000000e+00
   5.9748797e-01   0.0000000e+00   0.0000000e+00   0.0000000e+00   0.0000000e+00   0.0000000e+00   0.0000000e+00   0.0000000e+00   0.0000000e+00   0.0000000e+00   0.0000000e+00   0.0000000e+00   0.0000000e+00   0.0000000e+00   0.0000000e+00   0.0000000e+00   0.0000000e+00   0.0000000e+00   0.0000000e+00   0.0000000e+00   0.0000000e+00   0.0000000e+00   0.0000000e+00   0.0000000e+00   0.0000000e+00   0.0000000e+00   0.0000000e+00   0.0000000e+00   0.0000000e+00   0.0000000e+00   5.9748797e-01   2.2702654e-01   1.0000000e+00
   3.9114139e-01   0.0000000e+00   0.0000000e+00   0.0000000e+00   0.0000000e+00   2.9549099e-02   0.0000000e+00   1.3942870e-02   0.0000000e+00   5.0497755e-04   0.0000000e+00   0.0000000e+00   0.0000000e+00   0.0000000e+00   0.0000000e+00   0.0000000e+00   0.0000000e+00   0.0000000e+00   0.0000000e+00   0.0000000e+00   0.0000000e+00   0.0000000e+00   0.0000000e+00   0.0000000e+00   6.5925810e-04   0.0000000e+00   0.0000000e+00   0.0000000e+00   0.0000000e+00   0.0000000e+00   3.9114139e-01   3.7887624e-01   1.0000000e+00
   5.4572993e-01   0.0000000e+00   0.0000000e+00   0.0000000e+00   0.0000000e+00   0.0000000e+00   4.7315338e-04   0.0000000e+00   0.0000000e+00   0.0000000e+00   0.0000000e+00   0.0000000e+00   1.3667207e-03   0.0000000e+00   0.0000000e+00   0.0000000e+00   2.4765969e-04   0.0000000e+00   1.1172908e-01   0.0000000e+00   0.0000000e+00   0.0000000e+00   2.7622617e-05   0.0000000e+00   0.0000000e+00   0.0000000e+00   0.0000000e+00   0.0000000e+00   0.0000000e+00   0.0000000e+00   5.4572993e-01   2.7397883e-01   1.0000000e+00
   1.0791476e-02   6.8685447e-07   0.0000000e+00   2.6855210e-05   8.7395866e-02   2.0552933e-04   0.0000000e+00   1.2698390e-01   0.0000000e+00   0.0000000e+00   7.4053980e-05   1.9804278e-05   8.2730850e-02   0.0000000e+00   0.0000000e+00   9.9838579e-06   0.0000000e+00   0.0000000e+00   2.2432560e-02   1.9412154e-03   0.0000000e+00   1.7506826e-02   1.1495333e-01   0.0000000e+00   0.0000000e+00   0.0000000e+00   0.0000000e+00   0.0000000e+00   1.4178267e-02   7.1537810e-02   1.0791476e-02   9.0386178e-01   1.0000000e+00
